0	1	8.9982 8.3141
0	2	16.8665 9.6111
0	4	26.5461 13.7579
0	8	42.8305 19.3570
1	1	8.2278 8.3384
1	2	15.2444 9.6960
1	4	24.0115 13.7553
1	8	38.4651 19.3366
2	1	7.8220 8.3870
2	2	14.5396 9.7613
2	4	22.5376 13.7147
2	8	36.0289 19.2890
3	1	6.9285 8.4020
3	2	13.2448 9.8697
3	4	20.2099 13.8945
3	8	31.9997 19.3510
4	1	6.5903 8.4448
4	2	12.4096 9.8217
4	4	19.4176 13.7430
4	8	30.4572 19.3647
5	1	5.8239 8.3561
5	2	9.9670 9.7647
5	4	17.0168 13.7772
5	8	26.6433 19.3874
6	1	5.3209 7.6703
6	2	8.8122 8.6863
6	4	15.4728 11.8177
6	8	24.0072 17.0513
7	1	4.7901 7.1681
7	2	8.2891 7.9342
7	4	14.2228 10.4167
7	8	21.8832 16.0680
8	1	4.4582 6.3363
8	2	7.2560 6.8466
8	4	12.6066 8.8787
8	8	19.0273 13.8354
9	1	4.0829 6.1708
9	2	6.5488 6.4757
9	4	11.7379 8.1939
9	8	17.9925 12.8326
10	1	3.6050 5.2316
10	2	6.0961 5.4823
10	4	10.4516 6.8693
10	8	15.9543 11.1243
11	1	3.3821 4.8749
11	2	5.2347 5.1013
11	4	8.2443 6.3197
11	8	13.9547 8.8681
12	1	3.3577 4.7022
12	2	5.0072 4.9680
12	4	7.7095 5.8536
12	8	12.9415 8.2212
13	1	2.7527 4.4354
13	2	4.3251 7.4341
13	4	6.6148 11.2345
13	8	11.2369 11.3915
14	1	2.5580 4.4557
14	2	4.1379 4.7566
14	4	5.9364 5.4881
14	8	10.3627 7.3040
15	1	2.5847 6.8974
15	2	3.9142 7.4839
15	4	5.7604 6.1219
15	8	9.0505 9.6844
