0	1	9.2785 3.6008
0	2	16.3585 5.3619
0	4	24.8045 7.9492
0	8	48.2679 14.3591
1	1	8.1486 3.7216
1	2	14.6233 5.4959
1	4	23.7409 8.0152
1	8	42.3462 14.2212
2	1	7.6036 3.7039
2	2	13.6214 5.5154
2	4	22.2177 7.9795
2	8	39.8401 14.2317
3	1	6.7540 3.8051
3	2	10.9811 5.5327
3	4	19.7026 8.1343
3	8	34.6577 14.2584
4	1	6.2904 3.7987
4	2	10.3522 5.5671
4	4	18.6546 8.0218
4	8	32.7983 14.2202
5	1	5.5261 3.7877
5	2	9.0003 5.5421
5	4	16.2569 8.2096
5	8	28.3979 14.3138
6	1	4.8877 3.2654
6	2	7.7670 4.7567
6	4	14.3013 6.8201
6	8	24.8311 12.2634
7	1	4.3329 2.8630
7	2	7.4454 4.3341
7	4	13.4904 6.1441
7	8	23.2776 11.2371
8	1	4.0199 2.4048
8	2	6.4333 3.7054
8	4	11.6279 4.9978
8	8	20.1617 9.4960
9	1	3.7502 2.2567
9	2	5.7812 3.2853
9	4	9.9997 4.7087
9	8	18.4727 7.8059
10	1	3.3205 1.9558
10	2	5.1590 2.7909
10	4	8.7503 3.8058
10	8	16.1929 6.3621
11	1	2.8108 1.7716
11	2	4.4569 2.5219
11	4	7.2689 3.4696
11	8	14.2258 5.2836
12	1	2.6893 1.5834
12	2	4.1876 2.1061
12	4	6.8780 3.0323
12	8	13.1309 4.7831
13	1	2.2433 1.5552
13	2	3.5246 2.0552
13	4	5.7559 2.7411
13	8	10.9450 4.2388
14	1	2.0083 1.3926
14	2	3.3776 1.8801
14	4	5.1800 2.6100
14	8	9.3391 4.0605
15	1	1.8639 1.5634
15	2	2.8957 1.9524
15	4	4.8439 2.6260
15	8	8.3479 3.5555
