0	1	8.5268 4.1957
0	2	14.7454 5.0687
0	4	22.9169 7.0277
0	8	35.7089 14.7475
1	1	7.6119 4.3043
1	2	13.3262 5.2014
1	4	20.5881 7.0304
1	8	32.3503 14.7649
2	1	7.2306 4.2752
2	2	12.3496 5.1699
2	4	19.4443 7.1279
2	8	30.4538 14.8203
3	1	6.3872 4.3117
3	2	10.3196 5.2377
3	4	17.6400 7.2553
3	8	27.9088 14.9792
4	1	6.1077 4.3810
4	2	9.7680 5.2794
4	4	17.1232 7.1841
4	8	26.2967 14.9345
5	1	5.5207 4.2907
5	2	8.4551 5.1746
5	4	15.0117 7.0665
5	8	23.5343 14.6888
6	1	4.8706 3.9399
6	2	7.7867 4.5278
6	4	13.7226 6.0212
6	8	21.5996 12.6507
7	1	4.6037 3.3186
7	2	7.1005 4.0515
7	4	12.8562 5.4482
7	8	19.9961 11.8634
8	1	4.0312 2.9065
8	2	6.1935 3.4244
8	4	11.3094 4.5821
8	8	17.7697 10.0017
9	1	3.7547 2.6799
9	2	5.9177 3.1293
9	4	10.1475 4.2388
9	8	17.0171 8.2290
10	1	3.4115 2.2498
10	2	5.1648 2.7691
10	4	8.6664 3.5707
10	8	15.2636 6.9412
11	1	2.8830 2.0065
11	2	4.5183 2.4947
11	4	7.6580 3.0862
11	8	13.5534 5.8229
12	1	2.6888 1.8029
12	2	4.2136 2.1672
12	4	7.2116 2.8101
12	8	12.4247 5.1471
13	1	2.4832 1.7118
13	2	3.6764 2.0143
13	4	6.2412 2.5916
13	8	10.9514 4.4703
14	1	2.2650 1.7081
14	2	3.4046 1.9121
14	4	5.7997 2.3884
14	8	9.8452 4.2281
15	1	2.0176 1.6801
15	2	3.1131 1.9203
15	4	4.8834 2.3719
15	8	8.1740 3.8335
